48
53 19
79 72
41 76
59 51
59 66
32 22
58 26
67 85
67 48
38 50
94 39
66 5
4 23
89 16
79 55
75 90
62 32
8 6
58 55
73 19
41 69
96 6
91 0
48 63
65 58
97 86
44 59
34 15
31 48
4 24
66 10
94 31
37 28
35 54
73 47
69 8
66 15
67 65
80 57
67 15
54 45
57 17
32 98
46 91
67 64
26 2
33 33
13 21
71
0 27
1 70
39 61
27 68
35 56
36 37
56 2
56 34
43 73
58 6
5 34
54 74
0 7
41 39
5 73
1 64
86 57
18 54
74 26
82 46
35 9
63 71
57 91
17 72
78 0
86 75
49 83
43 92
32 1
27 36
52 89
46 80
86 38
64 65
63 60
21 99
22 50
41 84
56 79
79 58
85 87
22 65
58 86
40 65
1 42
31 67
99 53
44 29
94 85
45 8
59 9
59 66
2 81
60 53
63 11
98 91
57 49
35 20
38 67
61 27
46 91
97 44
73 45
30 41
1 20
81 27
45 61
94 41
94 48
59 55
46 57
45 17
65 61
63 78
1 25
48 17
89 20
16 96
37 77
29 91
8 45
4 60
28 88
55 88
86 72
54 25
43 77
90 99
78 8
85 54
71 79
52 85
34 13
90 68
60 71
69 71
83 20
8 73
14 11
84 15
40 52
30 38
89 83
91 20
26 67
47 29
14 98
11 51